2011-10-09,183,186.63,182.9,186.62
2011-10-10,184.59,186,184.11,185
2011-10-11,186.08,188,185.65,186.12
2011-10-12,184.97,187.5,184.5,186.82
2011-10-13,188.19,190.53,187.73,190.53
2011-10-16,189.71,190.16,185.9,186.59
2011-10-17,178,179.38,176.25,178.9
2011-10-18,179.68,179.81,177.01,177.39
2011-10-19,178.13,179.24,176.17,177.25
2011-10-20,179.11,181.67,178.75,181.63
2011-10-23,181.51,183.39,180.62,182.25
2011-10-24,181.66,182.97,180.01,180.36
2011-10-25,181.74,182.28,179.03,181.97
2011-10-26,184.99,187,183.18,185.88
2011-10-27,185.57,188.07,185.28,187.45
2011-10-30,181.55,183.26,180.74,181.35
2011-11-01,184,185.25,183.03,183.92
2011-11-02,185.13,187.78,184.02,187.3
2011-11-03,186.27,187.14,184.74,186.38
2011-11-06,186.22,187.73,184.75,187.32
2011-11-07,187.48,187.88,185.51,187.25
2011-11-08,184.2,185.24,181.16,182.24
2011-11-09,183.58,184.77,181.87,183.35
2011-11-10,185.27,187.83,185.14,187.38
2011-11-13,189.17,189.84,186.85,187.35
2011-11-14,187.49,189.97,185.64,188.75
2011-11-15,187.82,189.9,186.3,186.62
2011-11-16,186.81,188.83,183.39,185.73
2011-11-17,186.71,186.97,184.66,185.24
2011-11-20,183.37,183.96,180,181.48
2011-11-21,182.22,182.98,180.29,181.31
2011-11-22,180.67,181.49,177.52,177.95
2011-11-24,178.01,179.56,177.06,177.06
2011-11-27,182.71,182.93,180.67,182.21
2011-11-28,182.02,183.31,180.84,180.94
2011-11-29,184.57,188.35,184.21,188
2011-11-31,187.01,189.99,186.77,189.45
2012-00-01,189.92,191.33,189.45,189.66
2012-00-04,191.18,193.61,190.38,190.84
2012-00-05,190.65,193.53,190.32,192.94
2012-00-06,191.99,194.9,191.28,194.05
2012-00-07,192.48,193.8,191.07,191.58
2012-00-08,192.91,194.87,192.4,194.56
2012-00-11,193.64,193.9,191.22,192.18
2012-00-12,193.46,194.3,190.64,191.15
2012-00-13,189.84,190.28,188,188.72
2012-00-14,190.48,191.2,186.89,187.48
2012-00-15,188.01,188.01,181.91,183.57
2012-00-18,184.51,184.69,182.25,182.89
2012-00-19,185.5,187.33,184.76,187.24
2012-00-20,183.22,183.5,179.04,181.47
2012-00-21,182.71,182.8,181,182.04
2012-00-22,183.11,184.85,181.89,184.75
2012-00-26,184.97,185.85,184.39,184.95
2012-00-27,185.19,185.4,183.34,183.99
2012-00-28,184.07,186.23,184.01,186.18
2012-00-29,186.33,186.48,183.85,183.88
2012-01-02,186.73,188.71,186,186.3
2012-01-03,185.57,186.33,184.94,185.54
2012-01-04,184.81,185.03,183.1,184.66
2012-01-05,184.39,184.48,182.31,182.54
2012-01-08,182.2,182.27,180.27,181.59
2012-01-09,183.23,183.72,181.2,181.31
2012-01-10,180.73,182.81,180.5,182.32
2012-01-11,181.86,181.91,178.38,180.55
2012-01-12,179.48,179.61,177.35,179.16
2012-01-16,180.36,182,179.32,180
2012-01-17,179.83,181.6,179.5,181.07
2012-01-18,181.79,182.36,180.35,180.52
2012-01-19,185.77,188.97,184.75,188.52
2012-01-22,187.91,190.52,187.67,189.98
2012-01-23,188.63,192.3,188.52,191.93
2012-01-24,191.33,192.24,189.61,191.73
2012-01-25,191.79,192.79,190.47,190.98
2012-01-26,190.01,191.77,189.81,190.46
2012-01-29,193.21,194.81,192.41,192.62
2012-02-01,192.72,193.33,191.33,191.53
2012-02-02,192.93,194.13,192.54,193.64
2012-02-05,192.48,193.76,192,192.82
2012-02-06,192.45,194.14,191.97,193.35
2012-02-07,192.78,193.58,191.73,192.95
2012-02-08,193.03,194.46,192.55,193.13
2012-02-09,191.76,192.43,191.28,192.42
2012-02-12,193.31,193.69,191.74,192.62
2012-02-13,191.76,192.6,190.83,192.22
2012-02-14,192.31,193.44,191.26,192.25
2012-02-15,192.61,193.25,192,193.02
2012-02-16,193.71,193.86,192.3,193.42
2012-02-20,193.73,194.24,192.46,193.39
2012-02-21,193.03,194.74,192.75,193.87
2012-02-22,193.87,199.23,193.28,197.61
2012-02-23,198.38,198.56,196.61,197.76
2012-02-26,196.78,198.71,196.1,197.53
2012-02-27,197.75,198.96,197.43,197.98
2012-02-28,197.86,199.17,196.45,196.73
2012-02-31,197.23,198.47,196.93,197.53
2012-03-01,197.1,198.89,197.06,198.81
2012-03-04,198.36,201.19,198.3,200.66
2012-03-05,199.14,199.64,196.81,197.26
2012-03-06,198.09,198.57,197.31,197.77
2012-03-07,199.24,199.99,198.65,199.81
2012-03-08,199.98,201.1,199.72,200.62
2012-03-11,200.93,201.57,200.23,201
2012-03-12,201.72,203.9,201.61,203.78
2012-03-13,203.78,205.15,203.64,204.72
2012-03-14,204.94,206.18,204.74,206
2012-03-15,207.03,207.52,206.01,206.01
2012-03-18,205.71,206.53,204.5,205.72
2012-03-19,204.74,205,203.7,204.25
2012-03-20,204.32,205.77,204.3,204.69
2012-03-21,204,205.99,203.96,205.49
2012-03-22,205.89,205.96,204.56,205.48
2012-03-25,206.45,207.92,206.32,207.77
2012-03-26,208.46,208.66,207,207.18
2012-03-27,207.44,208.69,206.27,207.29
2012-03-28,206.09,208.5,206.02,208.27
2012-03-29,208.74,209.12,208.01,208.65
2012-04-01,208.96,209.69,208.09,209.47
2012-04-02,209.31,210.69,208.54,209.5
2012-04-03,206.22,206.98,205.19,206.05
2012-04-04,205.15,205.68,204.46,205.47
2012-04-08,204.4,206.17,203.37,204.94
2012-04-09,204.94,205.74,202.17,202.33
2012-04-10,203.99,204.32,202.46,202.58
2012-04-11,202.8,205.56,202.64,205.32
2012-04-12,204.32,204.65,202.8,202.8
2012-04-15,204.74,205.97,202.72,202.72
2012-04-16,204.57,207.64,204.15,207.45
2012-04-17,202.43,204.07,200,200.13
2012-04-18,200.03,201.26,197.52,199.51
2012-04-19,199.83,200.12,199.09,199.6
2012-04-22,197.89,199.1,196.79,198.62
2012-04-23,199.06,202.48,198.87,200
2012-04-24,202.02,203.69,201.8,203.57
2012-04-25,203.4,206.21,203.4,205.58
2012-04-26,206.47,208.17,205.91,206.81
2012-04-29,206.71,207.96,206.32,207.08
2012-04-31,207.18,208.93,206.71,208
2012-05-01,206.97,208.27,206.91,208.06
2012-05-02,208.27,208.92,206.55,207.24
2012-05-03,206.47,207.11,204.4,204.99
2012-05-06,203.96,204.77,202.9,203.75
2012-05-07,202.44,203.06,199.72,201.48
2012-05-08,199.99,203,199.06,201.23
2012-05-09,201,203.25,200.02,200.6
2012-05-10,199.96,202.12,199.95,201.17
2012-05-13,199.92,200.71,198.56,199.44
2012-05-14,199.44,201.47,198.76,199.04
2012-05-15,199.42,201.35,198.18,199.73
2012-05-16,199.67,200.79,197.64,197.89
2012-05-17,198.78,198.78,195.16,195.88
2012-05-20,195.98,197.93,194.63,197.76
2012-05-21,198.04,198.26,196.06,196.82
2012-05-22,195.53,196.49,193.2,196.12
2012-05-23,195.99,196.28,194,196.09
2012-05-24,195.11,196,194,194.3
2012-05-28,195.22,198.08,195.22,196.46
2012-05-29,194.8,195.47,193.77,194.53
2012-05-30,190.12,191.72,188.6,189.08
2012-06-03,188.34,189.38,187,188.54
2012-06-04,187.92,189.85,187.56,189.2
2012-06-05,190.78,194,190.02,193.99
2012-06-06,195.28,195.83,193.94,194.44
2012-06-07,193.71,195.14,192.7,195.14
2012-06-10,196.6,196.7,192.37,192.51
2012-06-11,192.14,194.67,192.14,194.55
2012-06-12,194.36,195.19,192.35,193.1
2012-06-13,193,195.83,192.74,195.1
2012-06-14,196.08,199.27,195.4,199.1
2012-06-17,197.57,199.64,197.17,198.29
2012-06-18,198.83,199.99,198.8,198.93
2012-06-19,198.7,199.74,197.5,198.78
2012-06-20,199.07,199.45,193.19,193.39
2012-06-21,193.87,194.88,193.22,193.7
2012-06-24,192.48,193.39,191.68,192.86
2012-06-25,193.54,193.68,190.75,191.95
2012-06-26,192.14,193.7,190.9,193
2012-06-27,191.23,192.08,188.9,191.4
2012-06-28,194.55,195.81,192.41,195.58
2012-07-01,196.36,197.2,194.85,195.83
2012-07-02,195.46,196.34,194.91,195.93
2012-07-04,194.88,196.85,193.63,195.29
2012-07-05,193.92,193.94,189.74,191.41
2012-07-08,190.76,191,188.05,189.67
2012-07-09,190.3,191.14,185.6,186.26
2012-07-10,186.22,187.36,183.51,185.25
2012-07-11,184.25,184.39,181.85,183.09
2012-07-12,183.46,186.33,183.03,186.01
2012-07-15,185.58,186.1,184.58,184.79
2012-07-16,185.73,186.29,183.2,183.65
2012-07-17,184.15,188.59,183.55,188.25
2012-07-18,193.4,196.85,192.97,195.34
2012-07-19,194.09,194.9,192.17,192.45
2012-07-22,189.78,191.3,188.2,190.83
2012-07-23,190.92,191.32,188.56,190.34
2012-07-24,190.31,192.77,189.32,191.08
2012-07-25,193.49,194.95,192.57,193.95
2012-07-26,195.1,197.41,193.95,196.39
2012-07-29,196.32,197.84,195.92,196.68
2012-07-30,196.5,197.58,195.88,195.98
2012-07-31,196.96,197.85,194.72,195.18
2012-08-01,194.16,196.6,193.02,194.45
2012-08-02,196.48,198.95,196.16,198.52
2012-08-05,198.76,199.94,198.52,198.76
2012-08-06,199.43,200.88,198.8,199.93
2012-08-07,198.27,199.69,198.16,199.03
2012-08-08,198.62,199.46,197.89,198.42
2012-08-09,197.87,199.37,197.24,199.29
2012-08-12,198.88,199.98,197.79,199.01
2012-08-13,198.88,199.33,197.72,198.29
2012-08-14,198.9,199.33,197.92,198.4
2012-08-15,198.77,201.32,198.12,200.84
2012-08-16,201.08,202,200.66,201.22
2012-08-19,200.69,201.13,200.03,200.5
2012-08-20,200.99,201,198.37,198.65
2012-08-21,198.64,198.65,196.9,197.25
2012-08-22,197.04,197.37,195.44,195.7
2012-08-23,194.96,198.11,194.2,197.77
2012-08-26,197.96,198.3,195.61,195.69
2012-08-27,195.56,196.11,194.5,194.87
2012-08-28,195.13,196.04,194.9,195.08
2012-08-29,194.77,195.47,193.18,193.37
2012-08-30,194.31,195.95,193.46,194.85
2012-09-03,196.61,197.17,193.25,194.54
2012-09-04,194.41,195.85,193.89,195.04
2012-09-05,196.26,199.46,196.11,199.1
2012-09-06,199.12,199.5,198.08,199.5
2012-09-09,199.39,201.82,198.73,200.95
2012-09-10,200.55,203.46,200.51,203.27
2012-09-11,203.52,204.65,202.96,203.77
2012-09-12,204.38,206.81,203.46,206.36
2012-09-13,206.24,207.65,206.05,206.81
2012-09-16,205.55,207.99,205.55,207.15
2012-09-17,206.88,207.88,206.48,207.07
2012-09-18,207.55,207.57,206.01,206.43
2012-09-19,205.85,206.99,205.3,206.18
2012-09-20,207.36,207.94,205.92,205.98
2012-09-23,205.02,206.06,204.9,205.29
2012-09-24,205.6,207.32,204.95,204.98
2012-09-25,205.05,205.98,203.9,204
2012-09-26,204.37,206.9,204.14,205.91
2012-09-27,205.66,208.32,205.31,207.45
2012-09-31,208.01,211.75,207.94,210.47
2012-10-01,210.96,211.47,208.5,209.84
2012-10-02,209.94,211.3,209.3,210.51
2012-10-03,210.28,210.97,208.53,210.39
2012-10-04,211.15,211.79,210.06,210.59
2012-10-07,210.02,210.64,209.21,209.82
2012-10-08,209.95,210.74,207.7,207.99
2012-10-09,207.82,208.23,205.05,205.82
2012-10-10,206.57,207.27,205.63,205.76
2012-10-11,205.64,207.96,205.56,207.8
2012-10-14,208.88,209.4,207.82,208.93
2012-10-15,209.94,211,209.47,211
2012-10-16,201.21,203.41,198.55,200.63
2012-10-17,199.91,200.14,194.07,194.96
2012-10-18,195.29,196.08,193.18,193.36
2012-10-21,193.71,194.68,192.44,194.4
2012-10-22,193.53,194,190.94,191.25
2012-10-23,192.44,193.29,190.56,190.72
2012-10-24,191.41,192.44,190.71,191.6
2012-10-25,191.49,193.87,191.47,193.27
2012-10-30,194.68,197.89,194.55,197.15
2012-11-01,197.53,198,193.29,193.43
2012-11-04,192.36,194.97,192.01,194.14
2012-11-05,195.26,196.75,194.68,195.07
2012-11-06,193.36,193.68,191.16,191.16
2012-11-07,191.4,191.81,190.09,190.1
2012-11-08,189.85,191.64,188.88,189.64
2012-11-11,190.03,190.77,187.41,189.25
2012-11-12,188.39,190.88,188.25,188.32
2012-11-13,189.14,189.27,185.28,185.51
2012-11-14,185.83,187.2,184.78,185.85
2012-11-15,186.33,187.56,185.1,186.94
2012-11-18,188.62,190.39,188.3,190.35
2012-11-19,189.88,190.11,188.25,189.2
2012-11-20,189.3,190.89,188.95,190.29
2012-11-22,191,193.49,190.8,193.49
2012-11-25,192.45,193.37,191.77,192.88
2012-11-26,192.08,193.05,191,191.23
2012-11-27,190.98,192.04,189.27,191.98
2012-11-28,192.75,192.9,190.2,191.53
2012-11-29,191.75,192,189.5,190.07
2013-00-02,190.76,191.3,188.36,189.48
2013-00-03,189.71,190.75,189.02,189.36
2013-00-04,189.01,189.46,186.94,188.65
2013-00-05,189.17,190.18,188.41,189.7
2013-00-06,190.14,192.2,190.11,191.95
2013-00-09,192.17,193.54,191.65,192.62
2013-00-10,193.18,194.8,193.15,194.2
